data-2010.json
ncols         360
nrows         145
xllcorner     -180
yllcorner     -60
cellsize      0.99999999999994
NODATA_value  0
[rows 0 to 40 of 145, columns 182 to 272 of 360]
0 0 0 0 0 0 0 0 0 0 0 0 0 0 0 0 0 0 0 0 0 0 0 0 0 0 0 0 0 0 0 0 0 0 0 0 0 0 0 0 0 0 0 0 0 0 0 0 0 0 0 0 0 0 0 0 0 0 0 0 0 0 0 0 0 0 0 0 0 0 0 0 0 0 0 0 0 0 0 0 0 0 0 0 0 0 0 0 0 0 0
0 0 0 0 0 0 0 0 0 0 0 0 0 0 0 0 0 0 0 0 0 0 0 0 0 0 0 0 0 0 0 0 0 0 0 0 0 0 0 0 0 0 0 0 0 0 0 0 0 0 0 0 0 0 0 0 0 0 0 0 0 0 0 0 0 0 0 0 0 0 0 0 0 0 0 0 0 0 0 0 0 0 0 0 0 0 0 0 0 0 0
0 0 0 0 0 0 0 0 0 0 0 0 0 0 0 0 0 0 0 0 0 0 0 0 0 0 0 0 0 0 0 0 0 0 0 0 0 0 0 0 0 0 0 0 0 0 0 0 0 0 0 0 0 0 0 0 0 0 0 0 0 0 0 0 0 0 0 0 0 0 0 0 0 0 0 0 0 0 0 0 0 0 0 0 0 0 0 0 0 0 0
0 0 0 0 0 0 0 0 0 0 0 0 0 0 0 0 0 0 0 0 0 0 0 0 0 0 0 0 0 0 0 0 0 0 0 0 0 0 0 0 0 0 0 0 0 0 0 0 0.091 0.003 0 0 0.062 0.152 0.245 0.323 0.353 0.159 0.053 0.084 0.047 0.055 0.807 0.277 0 0 0 0 0 0 0 0 0 0 0 0 0 0 0 0 0 0 0 0 0 0 0 0 0.083 0.1 0
0 0 0 0 0 0 0 0 0 0 0 0 0.022 0.004 0.488 0.127 3.32 3.823 2.038 1.807 4.128 2.608 2.387 0.577 0.128 0.704 0.473 0 0 0 0.09 0 0 0 0.058 0 0 0 0 0 0 0 0.014 0.09 0.108 0.994 0.519 0.927 0.62 0.123 0.281 0.394 0.515 0.554 0.58 0.768 0.548 0.404 0.297 0.255 0.071 0.318 0.169 0.039 0 0 0 0 0 0 0 0 0 0 0 0 0.237 0.464 0 0 0 0 0 0 0 0 0 0 0 0.658 1.575
0 0 0 0 0 0 0 0 0.906 3.943 4.253 6.241 8.591 8.251 6.781 4.095 3.586 2.495 2.87 1.89 4.045 0.089 0.128 0.237 0 0.004 0 0 0.02 0 0 0 0 0 0 0 0 0 0 0 0 0 0 0 0 0 0 0 0.089 0.057 0 0 0 0 0 0 0.114 0.082 0.011 0 0 0 0 0 0 0 0 0 0 0 0 0 0 0 0.673 0.283 0 0 0 0 0 0 0 0 0 0 0 0 0.044 1.407 2.35
0 0 0 0 0 0 0 0 1.781 4.559 3.847 3.955 8.335 13.133 12.287 7.347 4.207 1.735 4.209 6.92 5.272 0.877 0 0 0.963 0.061 1.11 0.417 0.088 0 0 0 0 0 0 0 0 0 0 0 0 0 0 0 0 0 0 0 0 0 0 0 0 0 0 0 0 0 0 0 0 0 0 0 0 0 0 0 0 0 0 0 0 0 0 0 0 0 0 0 0 0 0 0 0 0 0 0 0 0 0
0 0 0 0 0 0 0 0 0 0 0 1.687 8.325 8.907 7.625 5.463 1.944 0 0.413 6.504 7.718 2.259 0.573 0 0 0 0 0 0 0 0 0 0 0 0 0 0 0 0 0 0 0 0 0 0 0 0 0 0 0 0 0 0 0 0 0 0 0 0 0 0 0 0 0 0 0.001 0 0 0 0 0 0 0 0 0 0 0 0 0 0 0.12 0 0 0 0 0 0.188 0.551 0.074 0.053 0.027
0 0 0 0 0 0 0 0 0 0 0 0 0 1.169 2.659 0.633 0 0 0 0.007 0 0 0.041 0.429 0 0 0 0 0 0 0 0 0 0 0 0 0 0 0 0 0 0 0 0 0 0 0 0 0 0 0 0 0 0 0 0 0 0.086 0.742 1.58 0.853 0.611 0.628 0.771 3.157 3.849 4.643 0.009 0 0 0 0 0 0 0 0 0 0 0 0 0 0 0 0 0 0 0.014 0.012 0 0.016 0.026
0 0 0 0 0 0 0 0 0 0 0 0 0 0 0 0 0 0 0 0 0 0 0 0 0 0 0 0 0 0 0 0 0 0 0 0 0 0 0 0 0 0 0 0 0 0 0 0 0 0 0 0 0 0.206 1.278 2.005 1.807 1.715 2.109 1.355 0.551 1.362 0.642 0.778 0.109 0 0 0 0 0 0 0 0 0 0 0 0 0 0 0.733 0.955 0.108 0 0 0.087 1.105 2.993 5.306 6.883 7.566 8.873
0 0 0 0 0 0 0 0 0 0 0 0 0 0 0 0 0.46 0.989 0 0 0 0 0 0 0 0 0 0 0 0 0 0 0 0 0 0 0 0 0 0 0 0 0 0 0 0 0 0 0 0 0 0 0.366 3.458 5.401 4.426 5.142 3.886 1.078 0 0 0 0 0 0 0 0 0 0 0 0 0 0 0 0 0 0 0.272 0 0 0.349 0.427 0.446 2.057 6.057 11.148 12.132 12.057 12.002 11.942 12.04
0 0 0 0 0 0 0 0 0 0 0 0 0 0 0 0 0 0 0 0 0 0 0 0 0 0 0 0 0 0 0 0 0 0 0 0 0 0 0 0 0 0 0 0 0 0 0 0 0 0 0 2.441 8.316 9.868 8.339 3.521 0.043 0 0 0 0 0 0 0 0 0 0 2.278 95.452 32.625 0 0 16.258 10.699 10.946 0 0.047 0.294 3.07 7.769 8.266 8.414 9.379 9.284 10.193 10.968 12.413 12.513 12.39 12.465 12.372
0 0 0 0 0 0 0 0 0 0 0 0 0 0 0 0 0 0 0 0 0 0 0 0 0 0 0 0 0 0 0 0 0 0 0 0 0 0 0 0 0 0 0 0 0 0 0 0 0 0.574 4.51 11.536 11.916 7.359 0.41 0 0 0 0 0 0 0 0 0 0 0 42.114 252.306 246.464 248.357 156.046 0 35.543 110.877 9.691 75.486 82.278 15.974 2.735 8.888 12.045 13.125 12.701 13.157 13.099 12.898 12.658 13.005 12.74 12.628 12.962
0 0 0 0 0 0 0 0 0 0 0 0 0 0 0 0 0 0 0 0 0 1.618 7.821 0.973 0 8.275 3.848 0 0 0 0 0 0 0 0 0 0 0 0 0 0 0 0 0 0 0 0 0 0 3.052 7.917 9.8 12.446 9.741 1.255 0 0 0 0 0 0 0 0 0 12.564 115.49 241.946 305.063 301.997 278.914 75.674 151.589 294.042 132.059 162.856 193.026 242.326 195.164 37.175 10.149 7.134 9.858 13.735 13.64 13.739 13.943 13.109 13.153 13.324 13.015 13.035
0 0 0 0 0 0 0 0 0 0 0 0 0 0 0 0 102.229 88.504 200.707 73.27 691.489 1304.658 219.357 307.262 234.144 182.094 180.946 645.497 348.902 6.455 0 0 0 0 0 0 0 0 0 0 0 0 0 0 0 0 0 0 0 0 0 1.063 3.834 4.727 4.629 1.468 6.109 10.962 0.399 0 0 0 0 0 19.464 221.058 291.608 319.302 280.272 279.968 177.801 22.298 281.277 295.543 294.925 290.394 277.097 249.735 129.65 13.556 10.473 10.226 14.379 13.839 13.612 13.339 13.442 13.995 14.531 14.664 14.669
0 0 0 0 0 0 0 0 0 0 0 0 0 231.306 104.422 1076.816 3847.686 4388.467 638.523 376.465 643.107 772.747 312.228 220.324 122.259 102.36 227.657 971.974 1067.08 786.897 1871.081 8493.729 143.542 99.245 20.29 0 0 0 0 0 0 0 0 0 0 0 13.331 18.32 1.857 0 0 0 0 0 0 0 0.876 8.667 20.366 33.356 30.737 26.65 31.206 52.49 24.379 140.704 270.792 293.446 270.357 280.142 164.069 75.752 293.795 252.088 275.023 315.185 323.532 198.873 113.601 108.586 38.376 13.822 13.682 13.067 14.123 6663.61 7447.321 13.966 14.612 15.331 15.77
0 0 0 0 0 0 0 0 0 0 4.949 1028.16 1703.168 2069.28 2857.612 2024.498 1038.582 816.647 357.192 82.342 84.192 131.607 159.562 192.247 159.643 156.684 373.678 795.78 713.401 558.451 5735.734 22079.71 238.006 194.36 92.073 54.313 28.719 84.473 0 0 0 3.951 20.543 21.52 5.307 0 8.362 7.001 11.136 19.867 21.839 24.548 10.354 23.588 25.278 25.208 35.204 20.524 31.007 41.82 44.296 52.33 458.249 469.415 327.067 219.301 132.965 283.866 295.197 297.361 300.435 67.349 132.364 306.884 296.879 135.388 337.232 342.154 320.64 339.295 219.622 17.006 15.886 14.673 14.815 440.982 14.147 14.272 14.163 15.156 15.009
0 0 0 0 0 0 0 0 0 9.705 161.641 91.073 3262.281 2287.02 488.492 122.558 260.773 343.159 877.471 174.976 210.152 329.926 471.93 693.609 280.244 151.446 78.899 529.371 1481.79 1961.803 4452.68 5683.173 1462.605 87.774 84.085 82.099 84.058 138.201 100.053 10.021 0 2.938 38.792 19.372 5.694 5.591 32.462 42.844 44.652 43.067 270.885 1554.334 45.95 46.309 44.922 43.64 43.489 43.987 45.495 110.785 578.781 1350.34 1782.992 1334.04 442.812 350.227 336.805 327.192 319.596 299.585 195.588 23.102 230.427 354.252 347.089 253.199 313.851 335.828 324.154 347.76 112.24 29.188 23.814 30.784 29.239 20.899 23.22 23.938 23.712 12.759 7.991
0 0 0 0 0 0 0 0 0 0.028 463.909 1797.602 1808.094 1039.618 89.001 69.65 85.354 107.466 165.151 265.225 528.306 1147.124 1889.393 2700.58 2095.106 616.822 373.952 946.291 644.377 654.732 632.485 189.205 72.445 71.298 86.407 101.145 104.225 91.612 49.18 21.487 51.186 33.525 55.195 55.281 41.322 44.559 56.963 69.379 92.395 118.041 117.108 250.359 639.815 643.885 633.31 650.19 618.502 473.995 470.878 485.759 1144.541 1213.336 752.29 375.329 318.092 332.204 328.598 297.582 269.176 193.443 175.81 326.57 382.639 370.348 369.587 342.966 368.146 383.016 359.588 332.867 349.929 103.655 35.461 35.044 33.288 33.944 35.918 24.119 12.844 8.704 8.736
0 0 0 0 0 0 0 0 0.779 195.069 1942.966 1223.909 336.725 225.475 251.334 174.186 442.808 697.924 2543.544 4993.087 4589.393 1106.621 3252.072 7452.654 6577.203 628.735 716.052 860.52 474.807 234.828 334.237 559.915 524.999 22.935 18.139 35.411 0 52.59 411.621 314.784 187.765 163.371 128.425 122.74 120.107 112.452 122.002 133.332 136.983 137.115 147.327 410.522 479.38 739.728 778.574 772.268 813.183 602.221 542.264 933.485 841.16 404.323 350.969 263.166 390.854 394.122 394.94 393.137 401.385 395.564 374.903 391.987 397.16 390.314 381.63 352.365 385.653 387.818 389.602 349.91 375.372 361.439 147.117 38.815 38.647 36.367 35.877 14.458 9.058 8.94 9.035
0 0 0 0 0 0 0 8.789 601.02 3547.825 937.428 236.351 183.116 400.207 354.023 412.568 748.774 1033.57 3534.515 2683.951 0 944.353 5959.766 10055.95 5769.171 2619.382 859.164 719.278 1740.421 407.714 364.242 819.444 766.487 221.529 115.003 334.154 779.37 14473 33230.25 573.072 510.245 409.505 340.888 195.942 160.829 169.797 164.099 191.066 223.537 337.322 1722.038 1293.507 857.58 1059.682 720.557 559.491 558.513 862.021 1536.976 1535.251 1397.967 874.708 875.619 776.558 936.332 532.668 700.817 880.9 611.382 399.071 397.371 383.153 359.958 386.773 382.848 387.864 356.544 375.508 394.535 403.131 420.773 426.597 404.674 323.772 39.492 38.402 40.93 34.563 26.343 19.626 9.679
0 0 0 0 0 2618.618 1607.266 3377.255 22459.36 5703.531 1398.348 619.095 5217.207 1012.36 681.296 1526.441 4092.51 2399.684 7932.439 6500.065 6444.769 7278.2 4066.613 2878.233 2248.166 5928.14 1657.713 1202.985 806.482 342.507 458.973 1101.531 1373.998 1222.235 737.52 573.255 656.629 728.325 974.376 924.915 645.788 486.292 420.123 385.426 360.401 278.702 266.608 277.135 400.48 446.281 1803.842 3740.853 1886.451 1086.517 408.088 261.747 251.329 1055.353 1621.352 1546.842 1605.557 1594.173 1465.961 1333.261 1564.067 1584.667 1568.476 1552.26 1368.798 859.95 753.733 659.615 505.675 486.112 394.475 358.565 346.741 414.637 497.921 449.516 431.07 435.724 439.483 217.339 41.557 39.607 42.364 42.273 42.399 37.308 11.446
0 0 8.655 3065.367 10888.22 5395.944 1503.165 1425.758 1392.453 869.843 341.292 329.473 733.738 1231.415 1873.41 10908.97 658.406 0 4.187 3579.06 7785.282 6803.795 3035.382 13624.86 3957.427 8855.516 4837.174 4608.413 6361.72 607.98 586.585 2163.767 1722.355 743.855 746.084 788.857 824.615 883.457 2356.646 1541.097 607.998 573.942 463.408 392.691 421.408 400.131 472.152 1518.978 1101.178 489.592 485.851 1296.26 1594.439 368.476 168.756 169.723 169.633 973.536 1673.662 1667.589 1679.257 1677.456 1629.37 1510.317 1539.947 1648.02 1650.66 1489.655 1353.201 1229.846 1135.852 1278.132 1267.306 1378.023 1351.399 1116.962 985.586 1186.1 1533.54 1445.815 1302.973 1022.17 557.735 88.991 43.735 43.892 42.644 43.153 32.646 14.643 10.135
0 0 249.011 4469.628 3548.616 1704.186 925.041 2418.741 5368.047 2319.399 726.865 626.96 1354.88 1692.332 4272.108 3382.428 0 0 0 10312 8751.281 27957.02 12504.22 8872.73 4794.428 5014.447 6180.017 4065.753 2758.404 1226.401 1524.084 1623.537 21703.09 549.382 690.402 896.615 852.432 1125.04 1656.204 2249.446 1867.91 1311.687 1104.73 1140.204 6972.987 4369.133 829.225 1525.947 22371.36 996.461 514.528 534.75 506.655 502.794 390.107 379.5 408.224 586.37 870.627 1025.75 1456.471 1735.647 1734.417 1717.352 1715.406 1477.878 1616.576 1539.672 1599.917 1391.199 1470.921 1393.588 1512.02 1566.19 1592.905 1693.118 1705.353 1509.079 1637.42 1646.975 1637.933 1638.55 1527.788 694.216 75.882 73.352 67.509 43.169 37.847 10.952 23.677
0 0 1733.498 36741.54 3104.51 756.63 1586.043 3222.908 37150.89 17002.56 2946.385 1783.755 3005.482 13647.96 8046.059 11052.2 2035.562 1735.069 594.704 5344.182 26844.58 12265.41 83614.98 58129.97 9123.406 5053.75 6893.616 10817.4 83709.99 1403.697 1964.156 3295.7 2363.693 1275.642 1158.497 952.069 1281.301 1535.696 1583.234 1463.318 1649.497 1246.341 974.341 2461.079 2840.131 1685.665 1147.026 879.044 628.377 576.308 1524.751 1673.516 1697.11 819.944 684.934 708.78 724.605 3297.73 2203.554 1016.638 403.464 1480.322 1698.499 1549.268 1660.572 1662.801 1593.243 1462.372 1769.94 1746.423 1749.932 1743.923 1771.705 1761.735 1556.213 3862.521 470.179 599.247 562.685 723.454 570.741 192.549 233.633 127.667 128.393 128.255 127.92 118.082 107.454 99.182 114.329
0 0 23.769 16837.53 3044.446 728.085 1863.536 18373.46 106853.5 23409.03 5410.703 12079.97 8325.156 20064.12 29288.01 108128.8 104663.7 211.714 37.852 57.088 388.518 1654.557 42688.8 4400.671 4561.731 5805.902 12026.63 24017.33 224015.7 12508.73 6002.911 3155.941 3241.914 2160.16 1829.352 24461.15 6000.13 27069.37 4938.391 2392.311 1432.884 964.929 1135.681 1401.452 1385.226 1113.821 1445.897 2035.127 958.021 1244.347 1870.439 1635.925 1868.525 1797.818 22376.31 3234.237 3392.293 2499.018 9703.948 3869.548 271.053 324.577 1212.503 1606.133 1647.543 1428.296 999.691 362.346 431.093 675.726 1400.535 1832.386 1838.932 1666.945 713.068 139.153 139.059 130.802 121.487 128.454 152.651 358.421 216.413 194.618 195.519 170.084 144.91 132.263 130.175 125.855 122.358
0 0 0 27506.78 6496.658 10357.53 14007.74 2596.048 140.564 12375.64 15182.24 15727.13 7802.414 22186.78 15331.35 6408.743 352.933 9.686 0 9.094 2576.382 2009.431 7557.555 6859.418 15131.56 2397.53 2762.684 3758.814 4025.04 20678.78 2808.338 5141.988 4374.905 2769.037 2569.677 2585.052 1910.159 4358.963 3705.322 4841.161 2881.477 1592.863 2610.95 4023.772 1702.609 1719.234 4838.388 42181.42 9950.622 3199.72 12381.88 3963.236 5449.532 11229.21 17597.02 11086.91 5636.066 14582.54 6733.494 2854.965 1730.335 1123.179 734.628 2303.102 1333.28 888.838 10419.76 490.502 587.916 359.476 264.637 583.064 1035.868 555.261 132.96 140.517 148.18 153.862 205.384 636.209 1039.128 1219.454 270.585 222.45 363.617 317.098 155.017 136.323 136.561 135.562 6856.457
0 0 0 0 0.469 129.292 921.87 17967.92 13531.69 39072.07 56127.41 11735.42 19899.08 6166.296 5683.549 79.145 4189.46 55.021 0 3669.077 4121.256 2483.573 18759.31 8600.885 6324.309 5595.555 18451.63 3125.32 2532.21 3521.375 2398.026 4504.146 10461.12 6435.439 3992.832 6704.842 19684.59 50981.07 37738.04 21987.29 11204.94 2583.547 3167.888 4200.134 5014.962 3627.915 4782.648 4682.082 2645.793 3037.993 6197.017 12442.26 8451.285 41866.25 50390.13 8407.558 9926.554 29207.25 19526.63 17980.63 7265.651 5861.875 3608.35 63499.34 3523.25 1831.696 1030.563 987.691 991.933 832.264 706.328 1272.614 1552.625 1089.163 250.417 221.183 224.833 395.934 335.688 593.479 750.359 1223.688 1831.792 2627.045 737.409 500.166 330.949 433.911 434.288 523.71 960.884
0 0 0 0 0 0 26397.35 47835.96 46716.39 156.478 36184.67 14612.23 21171.22 11162.54 7608.507 0 48.555 0 323.476 13700.09 13907.35 24750.26 45097.98 9376.807 5608.012 7258.921 3682.115 3116.56 9755.33 2466.516 3141.946 2359.113 7529.418 31959.15 23254.65 55561.37 38472.13 13615.5 43207.11 32483.39 11277.49 108425.4 31974.42 5003.271 7461.339 73606.65 16421.86 11430.97 10950.36 9715.387 15595.87 73745.13 25866.41 8427.818 7570.295 7910.811 5638.452 13402.12 128676 26297.85 11417.34 10860.06 3719.067 6928.706 9915.663 3886.748 3628.265 9273.889 2540.866 1472.957 1251.32 1572.261 2427.444 1671.154 922.495 907.093 489.533 507.975 424.905 471.124 648.367 2410.133 29866.9 34783.21 7738.269 3708.668 3234.672 3086.705 14696.02 1921.401 41835.7
0 0 0 0 0 0 22790.32 56596.78 40869.85 43537.09 179247.7 52632.71 6498.882 806.359 0 0 0 0 194.748 31110.79 15023.66 21105.6 21526.71 10033.27 14529.26 7827.051 16526.81 7077.932 29202.23 3528.417 5393.485 6302.316 6743.547 9718.171 49775.61 884079 119299.6 25191.34 11816.88 10310.26 20388.5 19007.28 10470.51 8036.113 14956.84 24777.14 38825.12 86624.66 12967.88 34824.89 57332.16 10463.45 13482.69 13334.31 7632.848 7444.386 8418.315 17156.97 23571.89 103880.9 5087.549 4280.173 5465.748 31464.81 2967.819 2563.217 5064.441 11265.45 2767.191 3688.506 4561.972 37994.45 4292.961 3114.842 2382.754 3099.335 3604.729 1547.045 1159.933 2064.696 47439.91 17519.78 11954.47 18329.75 41267.1 2195.261 2810.233 7063.959 4155.721 1671.621 30949.23
0 0 0 0 0 102.104 9309.524 59747.33 41179.55 12902.54 19766.69 15034.09 652.248 9848.318 22667.59 30904.8 106458.3 26531.56 56408.65 19083.22 19637.72 40712.14 21333.79 56266.74 17766.86 15281.37 25383.6 8911.77 18752.62 8696.369 25620.94 8016.655 6050.354 9339.699 34609.35 63225.91 28416.26 46090.55 6553.23 8783.539 6633.888 13886.59 10079.63 32584.91 10565.55 9499.478 53627.75 14828.24 10546.53 11468.5 24063.15 29549.15 17832.1 41405.5 78457.32 8391.968 11036.46 16466.87 12340.6 25831.69 3844.917 2938.26 3859.481 2699.66 2342.517 2927.189 9201.193 9139.005 3218.254 5171.257 6018.782 66600.47 6106.563 3088.436 2051.911 2501.748 2599.677 2225.218 2408.956 3390.446 32649.8 51490.57 4136.099 11179.19 29881.31 2819.666 3477.877 2956.112 2660.372 2346.719 1293.071
0 0 1150.331 30373.77 63988.41 54830.77 106670.6 135324.3 154870.5 28151.93 17109.9 19713 58998.32 28011.12 29863.74 45890.54 88812.61 44012.06 41730.6 30656.71 33231.99 63122.38 17243.57 26370.82 23865.21 151100.6 12663.12 24631.27 37247.98 9685.428 8174.617 10133.43 48128.14 7002.982 13551.24 13608.31 20116.07 11295.47 8559.103 8418.681 6574.81 8747.915 23719.55 34660.56 13746.3 7167.507 20930.7 79361.31 86235.7 11419.98 11507.26 6755.448 8050.327 43508.77 17161.72 4858.08 19498.72 25145.87 5908.235 3702.326 6036.466 24081.92 6339.631 2503.352 2327.568 3149.486 5393.774 12669.03 5774.625 1692.096 1227.212 1647.834 2501.556 1790.724 2125.265 2935.365 4710.878 3703.812 2954.518 6727.374 5143.017 66261.05 8444.226 3523.01 26679.35 55090.94 6608.663 3444.201 3460.417 35764.87 1857.333
0 0 344608.4 258371.8 175203.2 102060.8 132160.4 129377.3 92436.05 41255.06 30269.47 283741.8 29284.74 39279.21 92393.38 67313.93 63601.44 58500.05 129331.8 139667.6 37831.4 45638.92 17735.27 16489.83 24696.16 19516.26 9875.648 20970.62 39926.78 29781.63 16332.94 10877.85 8376.207 15528.5 27637.76 11233.77 18466.95 52424.61 16609.03 34261.45 8050.771 9368.96 8950.85 7245.203 7416.114 10829.7 8468.43 10684.05 6859.72 4869.385 12343.6 6770.26 4713.27 12690.17 6905.762 3076.626 11487.49 3056.983 4102.361 3003.934 4954.696 11142.18 3363.572 1621.874 2595.381 2548.315 3701.416 9626.135 5646.301 1849.917 1676.686 1396.687 3268.323 3194.599 13490.7 24332.13 6395.119 4276.989 4358.722 4638.838 6439.236 3882.617 10634.42 18277.69 2564.158 1928.643 2158.322 998.098 3654.504 3730.498 962.92
29431.79 100847.8 410089.7 298805.5 387368 389639.4 123925.2 85417.42 56101.87 61525.39 90540.7 73493.23 48758.93 56689.96 88026.3 81606.77 56342.83 112430.8 53346.83 72244.71 78842.85 25942.98 28037.48 26259.05 27627.29 14052.55 11914.67 8764.623 9185.368 34560.5 11672 24835.14 12527.77 15983.81 41553.42 23069.29 20156.67 82289.96 10413.05 9081.12 14024.03 10255.5 5973.471 54452.23 39452.85 14636.07 7412.687 4194.049 12934.9 14929.55 8434.432 5250.995 6871.41 53440.5 4888.915 7250.549 34131.59 5410.157 3287.354 2303.828 946.829 1307.168 826.151 1563.331 1846.042 1731.304 3487.695 3119.513 17254.54 34135.53 5743.126 2033.31 5166.909 3942.709 3216.889 3737.361 1535.755 2484.742 3098.926 17075.39 3879.72 2147.131 3087.565 10327.9 4915.227 918.984 625.445 1261.203 3856.824 2402.903 2778.874
165691 326627.7 347920.6 175704.5 164207.5 195255.6 252639.8 70218.16 64561.25 65651.35 99693.65 72510.02 161487.6 82617.99 72159.69 56829.39 173858.9 175135.2 90877.34 84946.52 68771.3 43469.78 48363.42 59850.63 65268.98 29369.37 47651.06 24093.54 254370.4 24077.67 18584.72 17085.9 35951.59 17623.73 100103.3 17343.42 15232.24 15608.94 12218.52 7765.875 7874.206 9886.946 5994.569 15770.32 4819.415 3657.104 3470.761 2882.103 5287.033 3874.83 2106.479 2500.084 2461.491 2126.512 8898.646 46794.71 3040.751 2649.561 1087.498 778.271 564.037 358.685 422.423 579.733 1554.289 1710.661 1601.035 821.63 7514.062 25315.53 7616.943 14016.39 22717.13 1844.222 937.452 1239.897 2112.317 5752.478 6911.593 9381.513 8852.364 8605.896 3408.136 1356.35 1220.621 842.645 649.84 1058.936 1561.68 2405.49 2865.825
176004.1 66049.73 54185.8 57689.38 158515.3 100038.5 272196 114360.8 88429.34 108365.8 51267.34 47674.93 56485.27 47524.05 85405.34 84522.79 156151.3 110174.8 114790.9 78763.05 45645.43 94483.48 87306.09 57189.43 40436.45 35069.02 66725.53 22342.55 41536.15 30454.79 34344.68 39404.68 37344.18 17827.59 77104.25 17915.08 14319.63 10474.34 8954.345 5134.786 3809.118 6779.512 5165.831 5355.124 2354.575 1684.63 1472.46 1350.478 1108.321 1390.887 1424.99 1507.223 1596.776 1959.301 3050.511 2903.917 2373.097 1506.64 572.128 507.454 425.149 305.558 333.772 553.429 1249.798 1339.061 505.154 462.354 482.263 2100.544 15760.91 24055.22 10692.13 1231.595 1845.434 7897.765 6215.957 2143.575 1959.839 5326.196 19487.79 8716.21 3784.675 1866.644 1466.004 834.739 1356.707 2897.757 1517.399 3175.821 1177.25
1029653 44573.82 38293.3 26717.24 75167.56 163443.1 157285.3 252937.3 120088.3 222722 80396.49 63203.9 82323.16 39237.49 188214.1 98948.23 62601.72 44850.57 69378.54 85506.48 81329.98 61394.88 72928.9 78559.09 59199.16 44226.87 36281.5 29837.89 30484.25 18352.23 32852.31 36343.9 70042.97 75557.17 20525.2 104475.8 124329.6 72421.86 24167.03 8555.986 5074.959 6989.01 109859 5686.649 5733.483 1362.655 1068.567 1019.592 1668.834 2440.152 1997.636 1482.304 1396.82 698.214 1057.888 2096.44 1538.974 958.687 525.273 401.738 331.633 298.657 813.903 1086.715 1174.022 1176.427 1134.069 847.969 657.493 689.024 604.363 591.911 1239.424 1635.777 1639.958 2918.522 2088.598 869.676 1281.664 1589.944 1895.898 1227.095 1190.033 1853.92 6551.082 1655.631 3275.767 5992.503 1889.706 2871.711 827.572
41175.33 26049.86 19308.16 53421.96 79508.06 189088.3 240488.9 138539.1 52000.76 66867.18 53699.39 46749.5 19765.03 52118.7 60986.31 51791.98 104043.5 188080.5 45813.07 76934.18 56567.64 56479.86 40222.52 35317.63 91497.48 96947.46 111040.7 45179.6 14969.31 19507.47 16220.99 55458.93 35737.14 71619.69 14058.73 94281.7 47484.37 118873.9 49850.23 11751.04 17651.38 4621.733 2316.843 1929.541 3418.065 3656.635 3571.351 2841.088 2281.894 7351.946 18344.57 3855.851 2677.564 456.188 361.667 522.811 790.212 731.109 838.161 1714.299 936.396 781.774 1138.504 1197 1199.272 1189.699 1186.584 818.503 701.375 667.079 606.251 767.946 1335.396 1878.039 1872.189 1497.049 1521.724 1342.315 2144.899 2097 1966.818 2012.781 2130.65 4542.825 7792.453 14241.35 7587.421 2856.813 1906.951 4789.172 1076.34
20197.67 30129.7 66672.48 50992.67 166350.9 81007.89 31083.68 29424.27 15286.53 64424.18 24100.72 37699.76 75920.6 70577.49 57205.83 34465.95 52481 45738.26 47253.22 50188.64 18841.72 57062.34 61585.32 33503.57 72861.59 64134.44 83902.85 72195.73 116671 14549.8 72773.8 25450.04 13568.15 18289.19 11357.03 2757.719 20501.75 23206.64 14890.49 13402.94 6950.106 3271.376 12566.88 1139.405 2171.765 20320.28 39896.9 2373.022 319.289 5972.268 9226.091 2427.169 2727.686 1862.63 802.538 424.465 733.484 1195.694 1481.137 1973.602 2411.28 3256.779 1807.757 1350.455 1264.41 1226.801 1119.013 718.325 715.346 648.458 614.076 944.565 814.922 968.533 1613.691 1881.635 2223.983 2772.129 2448.143 1956.781 10756.18 23631.08 4459.979 2732.885 1700.179 3037.37 2385.368 4094.068 6207.831 1366.323 855.342
11780.61 58071.01 252773.9 156330.9 49682.87 135446.3 172386.1 465064.1 155828.5 189361.6 138783.2 51596.3 35146.33 76577.03 65372.04 34034 53655.58 68426.86 41827.14 50284.9 26753.78 39930.33 50854.56 76590.97 48916.68 70601.35 61819.09 15886.83 1058.985 0 1500.247 31142.67 31120.13 14489.93 17446.92 24531.55 61907.1 71374.51 41940.01 46892.2 25638.04 10504.52 4715.079 1933.841 2308.515 4807.025 2264.732 0.152 21.112 808.138 338.067 1526.282 1356.427 1793.888 2866.037 5372.779 4938.633 2000.599 1717.193 2351.746 2603.375 3857.26 2636.998 13075.99 1981.589 2117.516 1852.179 1703.531 1596 1255.208 832.055 588.532 807.116 975.224 1828.013 2677.648 10402.08 3777.747 3200.14 5880.208 4607.125 5517.393 22514.53 6858.263 761.241 29.237 152.09 298.128 986.024 1081.223 350.186
27062.46 13548.88 80063.62 23037.82 14974.76 63152.76 90464.09 40904.64 123512 113265.7 55322.23 5602.151 2293.823 19404.57 23895.15 59524.02 72647.05 55193.75 166808.7 29623.56 30121.73 58137.54 64270.39 90547.84 184815.9 34992.78 50261.07 226.735 0 0 0 37073.34 46536.73 1794.445 0 33117.48 28416.32 40631.62 32642.25 51978.61 52474.36 52448.63 17154.03 8273.704 7259.235 1872.403 0 0.314 952.492 1450.382 884.793 790.607 1601.523 1342.472 15047.45 15050.41 9632.267 3220.467 5281.738 3143.366 3051.497 3106.452 1972.061 25891.93 3304.489 3503.413 1940.706 1863.11 2364.534 1728.89 853.505 1049.125 5608.51 6344.86 17568.29 11119.93 14794.65 16279.47 31685.13 23761.67 24800.27 4060.492 34775.23 35400.27 52070.39 47973.35 7466.853 9830.208 1425.662 512.747 184.879
